210 17
232 935
207 897
222 897
141 32
223 709
158 1538
263 1234
130 1243
342 781
388 781
215 929
376 897
198 922
308 1262
120 764
335 936
138 1202
390 945
68 359
33 326
283 214
175 79
387 1541
100 1153
340 131
368 1229
297 679
149 957
103 326
77 1377
32 156
208 709
178 1296
59 715
324 1246
202 1332
375 897
323 1538
245 290
307 781
333 90
200 328
293 519
78 15
165 1306
12 36
60 714
221 1549
298 1626
372 327
169 1521
184 1180
139 1202
346 1521
80 1549
337 79
287 709
155 554
183 296
199 1306
218 709
251 682
386 764
177 682
341 897
313 936
235 710
146 79
252 436
389 1542
125 820
142 1554
93 46
128 682
150 79
64 19
102 1549
299 936
56 1389
380 897
22 258
44 261
132 79
57 46
288 897
331 1538
366 1538
179 596
105 682
220 897
302 506
8 246
54 328
161 246
107 1268
257 519
357 809
269 897
227 486
391 1452
234 682
42 333
253 328
377 79
47 246
91 722
304 1541
14 1549
181 327
167 90
13 682
187 709
63 214
37 1636
233 682
249 709
370 1538
34 646
212 1234
188 79
90 327
271 327
134 596
285 897
379 1467
176 328
248 709
371 443
23 246
276 682
242 710
318 79
316 79
19 327
303 1541
369 1538
16 296
339 936
185 1622
88 214
193 640
213 886
364 1
9 122
76 246
126 897
11 236
38 326
5 246
247 682
305 42
354 1569
236 897
272 709
192 1330
1 946
71 261
336 735
189 484
260 709
97 86
7 630
362 1246
294 1421
338 329
330 79
278 1306
110 936
182 291
358 42
264 36
39 1631
98 156
246 327
203 485
343 79
361 936
4 328
367 79
136 945
45 328
122 228
280 86
311 1538
256 697
116 558
254 936
84 709
156 935
211 725
197 519
328 820
363 1538
382 481
121 486
26 999
114 679
325 1538
243 1348
327 1538
10 48
239 685
281 951
31 897
173 1521
79 246
216 17
87 534
145 328
355 79
238 897
159 79
118 936
229 1415
190 897
3 246
95 679
194 520
168 1569
214 1549
277 709
104 328
108 289
62 709
135 973
160 936
81 682
123 1234
174 327
151 90
332 935
286 1421
381 326
53 156
111 897
27 327
378 935
237 1421
99 260
374 1569
21 86
41 247
143 1538
94 709
206 682
82 246
140 936
261 48
18 296
392 328
52 24
300 1452
157 593
359 1246
72 17
383 109
46 309
163 462
29 333
393 328
172 781
109 805
186 1415
266 327
65 17
275 897
244 1378
113 1234
274 820
326 679
292 897
306 1538
74 722
131 1591
259 296
291 805
70 246
119 484
133 1254
296 712
43 349
209 709
348 79
69 325
321 840
170 1268
0 715
301 1538
162 621
24 1306
2 714
353 897
352 1541
40 709
226 62
385 79
35 722
144 1538
106 1590
96 261
15 855
350 1573
225 897
279 1415
166 1202
250 36
360 1565
147 90
191 709
20 327
268 712
289 1421
351 936
317 79
50 328
153 1106
196 327
164 1262
86 46
204 484
127 1234
310 897
171 809
101 235
48 499
284 744
224 725
349 936
231 1634
58 46
61 1549
230 936
267 278
148 936
49 290
384 79
373 820
129 936
85 328
347 936
334 1600
28 228
17 83
219 1415
255 709
322 339
124 1452
241 327
75 1549
319 1565
356 79
66 1549
25 327
240 327
112 1018
270 36
36 263
320 897
312 1538
228 1430
273 931
6 296
258 710
30 903
365 1600
180 735
137 326
262 1234
154 291
51 349
315 781
290 1421
344 1668
217 709
195 709
201 709
117 1668
115 630
205 83
92 506
67 724
83 326
309 558
55 296
89 1099
345 935
314 1246
295 104
329 1569
282 291
73 328
152 1626
265 897
预测完毕!!!
精度:0.000
召回:0.000
f1-score:0.000
